programa exitoso
{'main': 'void', 'comparaImagen': 'void', 'Vispi': 'prog'}


{'Vispi': 0}


{'Vispi': 0}


{'main': [[], {'tempImg': 'image'}, {'tempImg': 12202}], 'comparaImagen': [['int', 'float'], {'i': 'int', 'a': 'float', 'tempImg': 'image', 'diferencias': 'image'}, {'i': 11600, 'a': 11800, 'tempImg': 12201, 'diferencias': 12200}], 'Vispi': [[], {'led1': 'bool', 'led2': 'bool', 'velocidad': 'int', 'mensajeAlerta': 'string', 'boton': 'bool', 'personas': 'int', 'imgInicial': 'image'}, {'led1': 2, 'led2': 1, 'velocidad': 400, 'mensajeAlerta': 800, 'boton': 0, 'personas': 401, 'imgInicial': 1000}]}


[[[-1, -1, -1, -1, -1, -1, -1, -1, -1, -1, -1, -1, -1, 'bool'], [-1, -1, -1, -1, -1, -1, -1, -1, -1, -1, -1, -1, -1, -1], [-1, -1, -1, -1, -1, -1, -1, -1, -1, -1, -1, -1, -1, -1], [-1, -1, -1, -1, -1, -1, -1, -1, -1, -1, -1, -1, -1, -1], [-1, -1, -1, -1, -1, -1, -1, -1, -1, -1, -1, -1, -1, -1], [-1, -1, -1, -1, -1, -1, -1, -1, -1, -1, -1, -1, -1, 'image']], [[-1, -1, -1, -1, -1, 'bool', 'bool', 'bool', 'bool', 'bool', 'bool', 'bool', 'bool', -1], [-1, -1, -1, -1, -1, -1, -1, -1, -1, -1, -1, -1, -1, -1], [-1, -1, -1, -1, -1, -1, -1, -1, -1, -1, -1, -1, -1, -1], [-1, -1, -1, -1, -1, -1, -1, -1, -1, -1, -1, -1, -1, -1], [-1, -1, -1, -1, -1, -1, -1, -1, -1, -1, -1, -1, -1, -1], [-1, -1, -1, -1, -1, -1, -1, -1, -1, -1, -1, -1, -1, -1]], [[-1, -1, -1, -1, -1, -1, -1, -1, -1, -1, -1, -1, -1, -1], ['string', -1, -1, -1, -1, 'bool', 'bool', 'bool', 'bool', 'bool', 'bool', -1, -1, -1], [-1, -1, -1, -1, -1, -1, -1, -1, -1, -1, -1, -1, -1, -1], [-1, -1, -1, -1, -1, -1, -1, -1, -1, -1, -1, -1, -1, -1], ['string', -1, -1, -1, -1, -1, -1, -1, -1, -1, -1, -1, -1, -1], [-1, -1, -1, -1, -1, -1, -1, -1, -1, -1, -1, -1, -1, -1]], [[-1, -1, -1, -1, -1, -1, -1, -1, -1, -1, -1, -1, -1, -1], [-1, -1, -1, -1, -1, -1, -1, -1, -1, -1, -1, -1, -1, -1], ['int', 'int', 'int', 'int', 'int', 'bool', 'bool', 'bool', 'bool', 'bool', 'bool', -1, -1, -1], ['float', 'float', 'float', 'float', -1, 'bool', 'bool', 'bool', 'bool', 'bool', 'bool', -1, -1, -1], [-1, -1, -1, -1, -1, -1, -1, -1, -1, -1, -1, -1, -1, -1], [-1, -1, -1, -1, -1, -1, -1, -1, -1, -1, -1, -1, -1, -1]], [[-1, -1, -1, -1, -1, -1, -1, -1, -1, -1, -1, -1, -1, -1], [-1, -1, -1, -1, -1, -1, -1, -1, -1, -1, -1, -1, -1, -1], ['float', 'float', 'float', 'float', -1, 'bool', 'bool', 'bool', 'bool', 'bool', 'bool', -1, -1, -1], ['float', 'float', 'float', 'float', -1, 'bool', 'bool', 'bool', 'bool', 'bool', 'bool', -1, -1, -1], [-1, -1, -1, -1, -1, -1, -1, -1, -1, -1, -1, -1, -1, -1], [-1, -1, -1, -1, -1, -1, -1, -1, -1, -1, -1, -1, -1, -1]], [[-1, -1, -1, -1, -1, -1, -1, -1, -1, -1, -1, -1, -1, -1], ['string', 'string', 'int', -1, -1, -1, -1, -1, -1, -1, -1, -1, -1, -1], [-1, -1, -1, -1, -1, -1, -1, -1, -1, -1, -1, -1, -1, -1], [-1, -1, -1, -1, -1, -1, -1, -1, -1, -1, -1, -1, -1, -1], ['string', -1, -1, -1, -1, 'bool', 'bool', 'bool', 'bool', 'bool', 'bool', -1, -1, -1], [-1, -1, -1, -1, -1, -1, -1, -1, -1, -1, -1, -1, -1, -1]], [[-1, -1, -1, -1, -1, -1, -1, -1, -1, -1, -1, -1, -1, -1], ['image', -1, -1, -1, -1, -1, -1, -1, -1, -1, -1, -1, -1, -1], [-1, -1, 'image', 'image', -1, -1, -1, -1, -1, -1, -1, -1, -1, -1], [-1, -1, 'image', 'image', -1, -1, -1, -1, -1, -1, -1, -1, -1, -1], ['image', -1, -1, -1, -1, -1, -1, -1, -1, -1, -1, -1, -1, -1], ['image', 'image', -1, -1, -1, -1, -1, -1, -1, -1, -1, -1, -1, -1]]]


{0: ['GOTO', -1, -1, -1], 1: ['CAM', 'webcam', -1, -1], 2: ['INPUT', 17, -1, -1], 3: ['OUTPUT', 22, -1, -1], 4: ['OUTPUT', 23, -1, -1], 5: ['PWM', 18, -1, -1], 6: ['=', 0, -1, 401], 7: ['=', 0, -1, 800], 8: ['=', 0, -1, 1000], 9: ['=', 0, -1, 12201], 10: ['=', 0, -1, 12200], 11: ['=', 0, -1, 1], 12: ['=', 0, -1, 400], 13: ['=', 0, -1, 12202], 14: ['=', 0, -1, 2], 15: ['=', 0, -1, 400]}


[0]
